rouge-1:  25.777174765154818
rouge-2:  1.4885930725662637
rouge-l:  20.08241886878088
Done
