rouge-1:  26.888950791266154
rouge-2:  1.7499898144222332
rouge-l:  20.842653462853296
Done
