rouge-1:  28.07454035470245
rouge-2:  2.1837938820550415
rouge-l:  21.681577413452096
Done
