rouge-1:  27.00245425796855
rouge-2:  2.0774313661572723
rouge-l:  20.970227329484075
max rouge scores:  0.7999999952000001 0.4615384565680473 0.6666666666661666
Done
