rouge-1:  27.108936471477346
rouge-2:  2.2054964176189564
rouge-l:  21.139767811236972
max rouge scores:  0.8333333283333335 0.5454545404958678 0.7999999999995
Done
